423.775849
404.441475
417.413509
362.808645
382.802025
342.315370
385.441354
407.099042
391.073420
463.074641
344.659616
353.322472
369.947703
352.361750
339.108534
375.374001
380.668403
442.467651
348.493320
412.676484
364.153914
353.636596
419.248493
354.521479
333.349469
422.112813
427.624235
356.713834
456.508530
418.528210
401.644393
315.696573
354.504514
373.087316
343.883538
282.973366
396.735210
403.479718
373.578036
343.082434
299.748773
319.500011
328.934170
416.640271
384.622183
354.518066
392.214268
305.892006
319.832686
318.257815
432.892484
386.633555
342.167232
415.795983
287.230685
357.742403
314.701561
319.697005
389.764551
370.967936
329.686225
366.260901
403.930340
347.708115
452.327163
284.107869
403.948367
348.324366
318.468577
279.330125
325.689835
273.678166
337.556621
300.421214
320.467105
299.154894
318.885355
440.644532
349.184763
290.853435
290.970624
301.761970
303.108127
314.057430
350.086370
402.131085
410.842222
368.423262
343.236528
338.247072
275.572557
298.629550
265.237479
272.211275
344.393840
297.610391
352.985110
258.566892
300.761558
279.025685
243.038313
319.493781
294.096292
256.870670
273.785416
304.104025
261.984127
298.745888
300.665639
267.601532
300.053544
254.014558
300.804610
352.995356
285.084904
278.039859
327.029207
262.608647
298.411068
256.790904
293.921692
239.780351
294.994158
297.871740
234.198641
308.672437
272.363381
258.619599
280.522173
234.053571
273.585535
237.699387
303.241201
286.669377
245.298056
236.425306
281.784414
270.175574
283.528824
239.293326
259.307144
251.639521
233.150850
256.867672
234.240705
246.159738
211.074260
277.225488
248.627019
258.506308
263.766067
236.291632
250.430902
266.221246
291.180959
232.170525
225.989973
262.581630
230.358077
259.881270
208.338586
255.834608
256.723828
216.037651
227.228708
263.389401
195.455336
257.739917
217.522203
218.300481
215.762549
221.532292
218.342681
190.209254
238.678517
195.210420
238.222246
236.585701
197.345788
220.877625
216.129160
229.592877
224.400342
230.530187
193.806246
194.791860
233.769471
214.192684
198.843870
200.057245
216.601110
198.583788
171.841092
175.203694
183.142610
194.144637
221.353290
189.101548
184.196351
186.892642
179.619543
209.035965
170.480812
185.742936
212.256411
181.992461
180.453061
174.980875
201.765693
178.884396
173.116346
187.177692
169.809629
172.149635
175.975255
171.903229
179.653205
149.512690
168.051584
151.844836
148.112370
175.803145
158.026705
172.750108
164.114337
189.891670
151.853415
191.035102
210.206147
158.838876
156.198846
150.285769
153.588687
150.323624
150.481702
184.334705
150.440567
147.583951
167.729214
164.508692
156.952775
126.928775
175.823991
169.978729
159.575807
145.657977
175.531443
164.117375
178.391264
134.846322
157.984400
163.088430
114.016758
150.628249
166.840364
150.924496
135.052819
157.855811
170.629259
166.469231
162.599204
134.732010
158.987303
139.617830
134.182340
151.563747
158.556148
158.307703
132.860646
128.763718
136.316755
135.712365
166.119209
139.619048
116.130386
152.531910
154.971562
132.388082
138.736737
129.266352
117.312290
153.086360
122.599859
104.275929
122.724732
150.976003
114.862307
151.635345
125.501133
120.743053
137.755997
142.111987
100.485170
141.838152
103.748781
124.034292
131.872651
122.879932
114.699289
131.047882
135.509862
113.569500
129.183910
89.596269
138.227372
119.790616
139.056959
123.752922
123.708012
123.060518
108.181988
120.773348
119.461824
125.025554
125.132683
97.030364
111.661654
95.179168
127.442854
132.911404
115.751065
112.174137
116.766678
108.825847
117.841470
123.164623
103.313599
101.327287
116.493976
96.905325
116.905442
117.592149
102.762330
101.963068
107.750969
107.402038
88.869523
94.214450
96.074803
104.309690
88.341763
98.808355
82.294768
109.475127
91.928986
98.247721
93.430916
93.018617
99.678042
108.533596
103.336976
98.904093
91.551025
121.843797
99.165892
105.685055
106.273155
94.551728
94.499260
89.438951
101.989246
94.348170
90.364890
99.284629
105.841157
91.871551
101.623104
92.903486
80.645292
101.556685
97.390745
100.888595
83.297540
81.865069
85.798242
92.994518
84.523225
93.359237
80.268938
84.113339
75.800904
86.374270
81.285314
98.592243
98.041125
95.528118
94.537071
86.800923
76.272649
74.068616
74.581037
69.689586
65.507330
83.128474
77.913259
81.212934
98.331354
82.151991
87.787289
74.567213
73.807350
73.308083
83.401914
66.444763
86.842010
71.081534
72.657201
81.188469
76.788128
85.761925
82.426634
81.857449
71.726926
98.730087
69.438395
66.570930
89.508021
80.696215
82.565297
94.288838
79.454250
79.980337
78.206050
62.997323
82.080762
81.389659
67.322798
84.002317
83.523491
75.136530
71.818725
61.634111
79.403963
73.276737
63.911729
64.009001
81.863493
78.885948
76.355610
66.995917
58.480530
79.460518
64.829364
68.983992
66.863714
66.416932
71.777225
61.511823
66.346440
56.255110
74.304728
67.309236
77.260944
62.582799
57.226634
58.709256
77.625152
72.338480
67.996583
63.848138
58.303476
65.581345
63.449557
57.341229
85.999426
75.523455
63.731697
65.023775
63.273899
59.815120
72.728564
67.407512
61.219600
64.126415
75.934321
61.324097
54.176994
69.379362
61.079771
63.924831
58.737010
66.305273
69.547870
55.509483
54.417926
57.965964
52.173771
54.054778
53.589357
54.951967
55.103237
53.655729
64.264711
62.707520
63.243643
64.428796
59.457046
52.166220
55.856569
61.377793
47.586836
58.686811
52.228996
59.190433
64.685078
55.004488
51.684336
55.898207
53.792923
62.599306
53.769578
48.765345
