  -1.7499072e+00  -5.7693506e+00
   2.8421521e+00  -5.3169573e+00
  -1.1625974e+00  -1.1625974e+00
   2.4418553e+00  -1.2440816e+00
  -5.7693506e+00  -1.7499072e+00
  -5.3169573e+00   2.8421521e+00
  -1.2440816e+00   2.4418553e+00
   1.9378108e+00   1.9378108e+00
  -5.9087199e-01  -6.0000000e+00
   3.8248609e+00  -4.6606308e+00
  -4.2567718e-01  -1.5882746e+00
   3.6213729e+00  -1.2672356e+00
  -4.7202968e+00  -1.4319852e+00
  -4.3502783e+00   2.3251948e+00
  -4.2879406e-01   2.7067904e+00
   3.2486827e+00   2.0411132e+00
   1.7499072e+00  -5.7693506e+00
  -2.8421521e+00  -5.3169573e+00
   1.1625974e+00  -1.1625974e+00
  -2.4418553e+00  -1.2440816e+00
   5.7693506e+00  -1.7499072e+00
   5.3169573e+00   2.8421521e+00
   1.2440816e+00   2.4418553e+00
  -1.9378108e+00   1.9378108e+00
   5.9087199e-01  -6.0000000e+00
  -3.8248609e+00  -4.6606308e+00
   4.2567718e-01  -1.5882746e+00
  -3.6213729e+00  -1.2672356e+00
   4.7202968e+00  -1.4319852e+00
   4.3502783e+00   2.3251948e+00
   4.2879406e-01   2.7067904e+00
  -3.2486827e+00   2.0411132e+00
  -1.4319852e+00  -4.7202968e+00
   2.3251948e+00  -4.3502783e+00
  -1.5882746e+00  -4.2567718e-01
   2.7067904e+00  -4.2879406e-01
  -6.0000000e+00  -5.9087199e-01
  -4.6606308e+00   3.8248609e+00
  -1.2672356e+00   3.6213729e+00
   2.0411132e+00   3.2486827e+00
  -4.8356215e-01  -4.9090909e+00
   3.1293506e+00  -3.8132839e+00
  -3.8738404e-01  -3.8738404e-01
   3.8123933e+00  -4.2968460e-01
  -4.9090909e+00  -4.8356215e-01
  -3.8132839e+00   3.1293506e+00
  -4.2968460e-01   3.8123933e+00
   2.7130241e+00   2.7130241e+00
   1.4319852e+00  -4.7202968e+00
  -2.3251948e+00  -4.3502783e+00
   1.5882746e+00  -4.2567718e-01
  -2.7067904e+00  -4.2879406e-01
   6.0000000e+00  -5.9087199e-01
   4.6606308e+00   3.8248609e+00
   1.2672356e+00   3.6213729e+00
  -2.0411132e+00   3.2486827e+00
   4.8356215e-01  -4.9090909e+00
  -3.1293506e+00  -3.8132839e+00
   3.8738404e-01  -3.8738404e-01
  -3.8123933e+00  -4.2968460e-01
   4.9090909e+00  -4.8356215e-01
   3.8132839e+00   3.1293506e+00
   4.2968460e-01   3.8123933e+00
  -2.7130241e+00   2.7130241e+00
  -1.7499072e+00   5.7693506e+00
   2.8421521e+00   5.3169573e+00
  -1.1625974e+00   1.1625974e+00
   2.4418553e+00   1.2440816e+00
  -5.7693506e+00   1.7499072e+00
  -5.3169573e+00  -2.8421521e+00
  -1.2440816e+00  -2.4418553e+00
   1.9378108e+00  -1.9378108e+00
  -5.9087199e-01   6.0000000e+00
   3.8248609e+00   4.6606308e+00
  -4.2567718e-01   1.5882746e+00
   3.6213729e+00   1.2672356e+00
  -4.7202968e+00   1.4319852e+00
  -4.3502783e+00  -2.3251948e+00
  -4.2879406e-01  -2.7067904e+00
   3.2486827e+00  -2.0411132e+00
   1.7499072e+00   5.7693506e+00
  -2.8421521e+00   5.3169573e+00
   1.1625974e+00   1.1625974e+00
  -2.4418553e+00   1.2440816e+00
   5.7693506e+00   1.7499072e+00
   5.3169573e+00  -2.8421521e+00
   1.2440816e+00  -2.4418553e+00
  -1.9378108e+00  -1.9378108e+00
   5.9087199e-01   6.0000000e+00
  -3.8248609e+00   4.6606308e+00
   4.2567718e-01   1.5882746e+00
  -3.6213729e+00   1.2672356e+00
   4.7202968e+00   1.4319852e+00
   4.3502783e+00  -2.3251948e+00
   4.2879406e-01  -2.7067904e+00
  -3.2486827e+00  -2.0411132e+00
  -1.4319852e+00   4.7202968e+00
   2.3251948e+00   4.3502783e+00
  -1.5882746e+00   4.2567718e-01
   2.7067904e+00   4.2879406e-01
  -6.0000000e+00   5.9087199e-01
  -4.6606308e+00  -3.8248609e+00
  -1.2672356e+00  -3.6213729e+00
   2.0411132e+00  -3.2486827e+00
  -4.8356215e-01   4.9090909e+00
   3.1293506e+00   3.8132839e+00
  -3.8738404e-01   3.8738404e-01
   3.8123933e+00   4.2968460e-01
  -4.9090909e+00   4.8356215e-01
  -3.8132839e+00  -3.1293506e+00
  -4.2968460e-01  -3.8123933e+00
   2.7130241e+00  -2.7130241e+00
   1.4319852e+00   4.7202968e+00
  -2.3251948e+00   4.3502783e+00
   1.5882746e+00   4.2567718e-01
  -2.7067904e+00   4.2879406e-01
   6.0000000e+00   5.9087199e-01
   4.6606308e+00  -3.8248609e+00
   1.2672356e+00  -3.6213729e+00
  -2.0411132e+00  -3.2486827e+00
   4.8356215e-01   4.9090909e+00
  -3.1293506e+00   3.8132839e+00
   3.8738404e-01   3.8738404e-01
  -3.8123933e+00   4.2968460e-01
   4.9090909e+00   4.8356215e-01
   3.8132839e+00  -3.1293506e+00
   4.2968460e-01  -3.8123933e+00
  -2.7130241e+00  -2.7130241e+00
