   2.2273864e+00   2.2273864e+00
   8.1527999e-01   3.0426664e+00
   3.0426664e+00   8.1527999e-01
   7.0710678e-01   7.0710678e-01
  -2.2273864e+00   2.2273864e+00
  -8.1527999e-01   3.0426664e+00
  -3.0426664e+00   8.1527999e-01
  -7.0710678e-01   7.0710678e-01
   2.2273864e+00  -2.2273864e+00
   8.1527999e-01  -3.0426664e+00
   3.0426664e+00  -8.1527999e-01
   7.0710678e-01  -7.0710678e-01
  -2.2273864e+00  -2.2273864e+00
  -8.1527999e-01  -3.0426664e+00
  -3.0426664e+00  -8.1527999e-01
  -7.0710678e-01  -7.0710678e-01
