   2.0081833e+00   2.0081833e+00
   2.7432293e+00   7.3504609e-01
   4.8688451e+00   2.0167417e+00
   5.2700000e+00   0.0000000e+00
  -2.0081833e+00   2.0081833e+00
  -2.7432293e+00   7.3504609e-01
  -3.7264527e+00   3.7264527e+00
  -4.8688451e+00   2.0167417e+00
   2.0081833e+00  -2.0081833e+00
   2.7432293e+00  -7.3504609e-01
   3.7264527e+00  -3.7264527e+00
   4.8688451e+00  -2.0167417e+00
  -2.0081833e+00  -2.0081833e+00
  -2.7432293e+00  -7.3504609e-01
  -4.8688451e+00  -2.0167417e+00
  -5.2700000e+00   6.4538886e-16
   7.3504609e-01   2.7432293e+00
   7.0710678e-01   7.0710678e-01
   2.0167417e+00   4.8688451e+00
   3.7264527e+00   3.7264527e+00
  -7.3504609e-01   2.7432293e+00
  -7.0710678e-01   7.0710678e-01
   3.2269443e-16   5.2700000e+00
  -2.0167417e+00   4.8688451e+00
   7.3504609e-01  -2.7432293e+00
   7.0710678e-01  -7.0710678e-01
  -9.6808329e-16  -5.2700000e+00
   2.0167417e+00  -4.8688451e+00
  -7.3504609e-01  -2.7432293e+00
  -7.0710678e-01  -7.0710678e-01
  -2.0167417e+00  -4.8688451e+00
  -3.7264527e+00  -3.7264527e+00
