  -4.2485706e+00  -4.2485706e+00
  -2.1531748e+00  -5.6090882e+00
   2.7278062e+00  -5.3535961e+00
   3.1462534e-01  -6.0000000e+00
  -5.6090882e+00  -2.1531748e+00
  -1.9825459e+00  -1.9825459e+00
   2.9530545e+00  -2.0678604e+00
   3.1372254e-01  -2.7860367e+00
  -5.3535961e+00   2.7278062e+00
  -2.0678604e+00   2.9530545e+00
   2.5490521e+00   2.5490521e+00
   3.1417394e-01   3.5913331e+00
  -6.0000000e+00   3.1462534e-01
  -2.7860367e+00   3.1372254e-01
   3.5913331e+00   3.1417394e-01
   2.8302738e-01   2.8302738e-01
  -3.7809209e+00  -4.6692748e+00
  -1.5550707e+00  -5.8036413e+00
   3.2721938e+00  -5.0389708e+00
   9.3981342e-01  -5.9345471e+00
  -4.7482696e+00  -2.1369245e+00
  -1.4918748e+00  -2.3739091e+00
   3.8671381e+00  -2.1116461e+00
   9.2627144e-01  -2.6465543e+00
  -4.4562143e+00   2.6939512e+00
  -1.5234728e+00   3.2672284e+00
   3.5272344e+00   2.6406861e+00
   9.3304243e-01   3.4820945e+00
  -5.1978634e+00   3.1462534e-01
  -1.9780319e+00   3.1327114e-01
   4.3948240e+00   3.1417394e-01
   1.1605477e+00   3.1101414e-01
  -2.7278062e+00  -5.3535961e+00
  -3.1462534e-01  -6.0000000e+00
   4.2485706e+00  -4.2485706e+00
   2.1531748e+00  -5.6090882e+00
  -2.9530545e+00  -2.0678604e+00
  -3.1372254e-01  -2.7860367e+00
   5.6090882e+00  -2.1531748e+00
   1.9825459e+00  -1.9825459e+00
  -2.5490521e+00   2.5490521e+00
  -3.1417394e-01   3.5913331e+00
   5.3535961e+00   2.7278062e+00
   2.0678604e+00   2.9530545e+00
  -3.5913331e+00   3.1417394e-01
  -2.8302738e-01   2.8302738e-01
   6.0000000e+00   3.1462534e-01
   2.7860367e+00   3.1372254e-01
  -3.2721938e+00  -5.0389708e+00
  -9.3981342e-01  -5.9345471e+00
   3.7809209e+00  -4.6692748e+00
   1.5550707e+00  -5.8036413e+00
  -3.8671381e+00  -2.1116461e+00
  -9.2627144e-01  -2.6465543e+00
   4.7482696e+00  -2.1369245e+00
   1.4918748e+00  -2.3739091e+00
  -3.5272344e+00   2.6406861e+00
  -9.3304243e-01   3.4820945e+00
   4.4562143e+00   2.6939512e+00
   1.5234728e+00   3.2672284e+00
  -4.3948240e+00   3.1417394e-01
  -1.1605477e+00   3.1101414e-01
   5.1978634e+00   3.1462534e-01
   1.9780319e+00   3.1327114e-01
  -4.6692748e+00  -3.7809209e+00
  -2.1369245e+00  -4.7482696e+00
   2.6939512e+00  -4.4562143e+00
   3.1462534e-01  -5.1978634e+00
  -5.8036413e+00  -1.5550707e+00
  -2.3739091e+00  -1.4918748e+00
   3.2672284e+00  -1.5234728e+00
   3.1327114e-01  -1.9780319e+00
  -5.0389708e+00   3.2721938e+00
  -2.1116461e+00   3.8671381e+00
   2.6406861e+00   3.5272344e+00
   3.1417394e-01   4.3948240e+00
  -5.9345471e+00   9.3981342e-01
  -2.6465543e+00   9.2627144e-01
   3.4820945e+00   9.3304243e-01
   3.1101414e-01   1.1605477e+00
  -3.6820644e+00  -3.6820644e+00
  -1.5492025e+00  -4.9712609e+00
   3.2112549e+00  -4.0991574e+00
   9.3845922e-01  -5.1220283e+00
  -4.9712609e+00  -1.5492025e+00
  -1.4160397e+00  -1.4160397e+00
   4.1280469e+00  -1.5397231e+00
   9.0911827e-01  -1.7843816e+00
  -4.0991574e+00   3.2112549e+00
  -1.5397231e+00   4.1280469e+00
   3.1155582e+00   3.1155582e+00
   9.3665363e-01   4.3054469e+00
  -5.1220283e+00   9.3845922e-01
  -1.7843816e+00   9.0911827e-01
   4.3054469e+00   9.3665363e-01
   8.4953355e-01   8.4953355e-01
  -2.6939512e+00  -4.4562143e+00
  -3.1462534e-01  -5.1978634e+00
   4.6692748e+00  -3.7809209e+00
   2.1369245e+00  -4.7482696e+00
  -3.2672284e+00  -1.5234728e+00
  -3.1327114e-01  -1.9780319e+00
   5.8036413e+00  -1.5550707e+00
   2.3739091e+00  -1.4918748e+00
  -2.6406861e+00   3.5272344e+00
  -3.1417394e-01   4.3948240e+00
   5.0389708e+00   3.2721938e+00
   2.1116461e+00   3.8671381e+00
  -3.4820945e+00   9.3304243e-01
  -3.1101414e-01   1.1605477e+00
   5.9345471e+00   9.3981342e-01
   2.6465543e+00   9.2627144e-01
  -3.2112549e+00  -4.0991574e+00
  -9.3845922e-01  -5.1220283e+00
   3.6820644e+00  -3.6820644e+00
   1.5492025e+00  -4.9712609e+00
  -4.1280469e+00  -1.5397231e+00
  -9.0911827e-01  -1.7843816e+00
   4.9712609e+00  -1.5492025e+00
   1.4160397e+00  -1.4160397e+00
  -3.1155582e+00   3.1155582e+00
  -9.3665363e-01   4.3054469e+00
   4.0991574e+00   3.2112549e+00
   1.5397231e+00   4.1280469e+00
  -4.3054469e+00   9.3665363e-01
  -8.4953355e-01   8.4953355e-01
   5.1220283e+00   9.3845922e-01
   1.7843816e+00   9.0911827e-01
  -5.3535961e+00  -2.7278062e+00
  -2.0678604e+00  -2.9530545e+00
   2.5490521e+00  -2.5490521e+00
   3.1417394e-01  -3.5913331e+00
  -6.0000000e+00  -3.1462534e-01
  -2.7860367e+00  -3.1372254e-01
   3.5913331e+00  -3.1417394e-01
   2.8302738e-01  -2.8302738e-01
  -4.2485706e+00   4.2485706e+00
  -2.1531748e+00   5.6090882e+00
   2.7278062e+00   5.3535961e+00
   3.1462534e-01   6.0000000e+00
  -5.6090882e+00   2.1531748e+00
  -1.9825459e+00   1.9825459e+00
   2.9530545e+00   2.0678604e+00
   3.1372254e-01   2.7860367e+00
  -4.4562143e+00  -2.6939512e+00
  -1.5234728e+00  -3.2672284e+00
   3.5272344e+00  -2.6406861e+00
   9.3304243e-01  -3.4820945e+00
  -5.1978634e+00  -3.1462534e-01
  -1.9780319e+00  -3.1327114e-01
   4.3948240e+00  -3.1417394e-01
   1.1605477e+00  -3.1101414e-01
  -3.7809209e+00   4.6692748e+00
  -1.5550707e+00   5.8036413e+00
   3.2721938e+00   5.0389708e+00
   9.3981342e-01   5.9345471e+00
  -4.7482696e+00   2.1369245e+00
  -1.4918748e+00   2.3739091e+00
   3.8671381e+00   2.1116461e+00
   9.2627144e-01   2.6465543e+00
  -2.5490521e+00  -2.5490521e+00
  -3.1417394e-01  -3.5913331e+00
   5.3535961e+00  -2.7278062e+00
   2.0678604e+00  -2.9530545e+00
  -3.5913331e+00  -3.1417394e-01
  -2.8302738e-01  -2.8302738e-01
   6.0000000e+00  -3.1462534e-01
   2.7860367e+00  -3.1372254e-01
  -2.7278062e+00   5.3535961e+00
  -3.1462534e-01   6.0000000e+00
   4.2485706e+00   4.2485706e+00
   2.1531748e+00   5.6090882e+00
  -2.9530545e+00   2.0678604e+00
  -3.1372254e-01   2.7860367e+00
   5.6090882e+00   2.1531748e+00
   1.9825459e+00   1.9825459e+00
  -3.5272344e+00  -2.6406861e+00
  -9.3304243e-01  -3.4820945e+00
   4.4562143e+00  -2.6939512e+00
   1.5234728e+00  -3.2672284e+00
  -4.3948240e+00  -3.1417394e-01
  -1.1605477e+00  -3.1101414e-01
   5.1978634e+00  -3.1462534e-01
   1.9780319e+00  -3.1327114e-01
  -3.2721938e+00   5.0389708e+00
  -9.3981342e-01   5.9345471e+00
   3.7809209e+00   4.6692748e+00
   1.5550707e+00   5.8036413e+00
  -3.8671381e+00   2.1116461e+00
  -9.2627144e-01   2.6465543e+00
   4.7482696e+00   2.1369245e+00
   1.4918748e+00   2.3739091e+00
  -5.0389708e+00  -3.2721938e+00
  -2.1116461e+00  -3.8671381e+00
   2.6406861e+00  -3.5272344e+00
   3.1417394e-01  -4.3948240e+00
  -5.9345471e+00  -9.3981342e-01
  -2.6465543e+00  -9.2627144e-01
   3.4820945e+00  -9.3304243e-01
   3.1101414e-01  -1.1605477e+00
  -4.6692748e+00   3.7809209e+00
  -2.1369245e+00   4.7482696e+00
   2.6939512e+00   4.4562143e+00
   3.1462534e-01   5.1978634e+00
  -5.8036413e+00   1.5550707e+00
  -2.3739091e+00   1.4918748e+00
   3.2672284e+00   1.5234728e+00
   3.1327114e-01   1.9780319e+00
  -4.0991574e+00  -3.2112549e+00
  -1.5397231e+00  -4.1280469e+00
   3.1155582e+00  -3.1155582e+00
   9.3665363e-01  -4.3054469e+00
  -5.1220283e+00  -9.3845922e-01
  -1.7843816e+00  -9.0911827e-01
   4.3054469e+00  -9.3665363e-01
   8.4953355e-01  -8.4953355e-01
  -3.6820644e+00   3.6820644e+00
  -1.5492025e+00   4.9712609e+00
   3.2112549e+00   4.0991574e+00
   9.3845922e-01   5.1220283e+00
  -4.9712609e+00   1.5492025e+00
  -1.4160397e+00   1.4160397e+00
   4.1280469e+00   1.5397231e+00
   9.0911827e-01   1.7843816e+00
  -2.6406861e+00  -3.5272344e+00
  -3.1417394e-01  -4.3948240e+00
   5.0389708e+00  -3.2721938e+00
   2.1116461e+00  -3.8671381e+00
  -3.4820945e+00  -9.3304243e-01
  -3.1101414e-01  -1.1605477e+00
   5.9345471e+00  -9.3981342e-01
   2.6465543e+00  -9.2627144e-01
  -2.6939512e+00   4.4562143e+00
  -3.1462534e-01   5.1978634e+00
   4.6692748e+00   3.7809209e+00
   2.1369245e+00   4.7482696e+00
  -3.2672284e+00   1.5234728e+00
  -3.1327114e-01   1.9780319e+00
   5.8036413e+00   1.5550707e+00
   2.3739091e+00   1.4918748e+00
  -3.1155582e+00  -3.1155582e+00
  -9.3665363e-01  -4.3054469e+00
   4.0991574e+00  -3.2112549e+00
   1.5397231e+00  -4.1280469e+00
  -4.3054469e+00  -9.3665363e-01
  -8.4953355e-01  -8.4953355e-01
   5.1220283e+00  -9.3845922e-01
   1.7843816e+00  -9.0911827e-01
  -3.2112549e+00   4.0991574e+00
  -9.3845922e-01   5.1220283e+00
   3.6820644e+00   3.6820644e+00
   1.5492025e+00   4.9712609e+00
  -4.1280469e+00   1.5397231e+00
  -9.0911827e-01   1.7843816e+00
   4.9712609e+00   1.5492025e+00
   1.4160397e+00   1.4160397e+00
