   5.6236219e-01
   5.6244432e-01
   5.6258867e-01
   5.6279512e-01
   5.6306349e-01
   5.6339357e-01
   5.6378507e-01
   5.6423766e-01
   5.6475097e-01
   5.6532456e-01
   5.6595797e-01
   5.6665067e-01
   5.6740209e-01
   5.6821162e-01
   5.6907861e-01
   5.7000235e-01
   5.7098212e-01
   5.7201714e-01
   5.7310660e-01
   5.7424964e-01
   5.7544540e-01
   5.7669296e-01
   5.7799137e-01
   5.7933968e-01
   5.8073689e-01
   5.8218197e-01
   5.8367390e-01
   5.8521160e-01
   5.8679401e-01
   5.8842002e-01
   5.9008853e-01
   5.9179842e-01
   5.9354855e-01
   5.9533778e-01
   5.9716497e-01
   5.9902895e-01
   6.0092856e-01
   6.0286265e-01
   6.0483005e-01
   6.0682960e-01
   6.0886013e-01
   6.1092049e-01
   6.1300953e-01
   6.1512609e-01
   6.1726904e-01
   6.1943725e-01
   6.2162958e-01
   6.2384493e-01
   6.2608220e-01
   6.2834029e-01
   6.3061812e-01
   6.3291464e-01
   6.3522879e-01
   6.3755954e-01
   6.3990587e-01
   6.4226677e-01
   6.4464126e-01
   6.4702838e-01
   6.4942716e-01
   6.5183668e-01
   6.5425601e-01
   6.5668427e-01
   6.5912058e-01
   6.6156407e-01
   6.6401391e-01
   6.6646927e-01
   6.6892936e-01
   6.7139339e-01
   6.7386059e-01
   6.7633024e-01
   6.7880159e-01
   6.8127396e-01
   6.8374665e-01
   6.8621899e-01
   6.8869035e-01
   6.9116008e-01
   6.9362760e-01
   6.9609229e-01
   6.9855359e-01
   7.0101096e-01
   7.0346384e-01
   7.0591172e-01
   7.0835411e-01
   7.1079051e-01
   7.1322047e-01
   7.1564352e-01
   7.1805925e-01
   7.2046722e-01
   7.2286705e-01
   7.2525834e-01
   7.2764072e-01
   7.3001384e-01
   7.3237735e-01
   7.3473093e-01
   7.3707427e-01
   7.3940707e-01
   7.4172904e-01
   7.4403991e-01
   7.4633941e-01
   7.4862732e-01
   7.5090337e-01
   7.5316737e-01
   7.5541908e-01
   7.5765832e-01
   7.5988489e-01
   7.6209862e-01
   7.6429933e-01
   7.6648688e-01
   7.6866110e-01
   7.7082186e-01
   7.7296904e-01
   7.7510251e-01
   7.7722216e-01
   7.7932788e-01
   7.8141959e-01
   7.8349719e-01
   7.8556061e-01
   7.8760977e-01
   7.8964461e-01
   7.9166507e-01
   7.9367110e-01
   7.9566266e-01
   7.9763970e-01
   7.9960220e-01
   8.0155012e-01
   8.0348346e-01
   8.0540219e-01
   8.0730630e-01
   8.0919579e-01
   8.1107066e-01
   8.1293091e-01
   8.1477656e-01
   8.1660761e-01
   8.1842409e-01
   8.2022601e-01
   8.2201340e-01
   8.2378630e-01
   8.2554473e-01
   8.2728873e-01
   8.2901834e-01
   8.3073360e-01
   8.3243456e-01
   8.3412127e-01
   8.3579378e-01
   8.3745213e-01
   8.3909640e-01
   8.4072663e-01
   8.4234289e-01
   8.4394524e-01
   8.4553374e-01
   8.4710847e-01
   8.4866949e-01
   8.5021686e-01
   8.5175067e-01
   8.5327099e-01
   8.5477789e-01
   8.5627144e-01
   8.5775173e-01
   8.5921883e-01
   8.6067283e-01
   8.6211380e-01
   8.6354183e-01
   8.6495699e-01
   8.6635938e-01
   8.6774907e-01
   8.6912616e-01
   8.7049072e-01
   8.7184284e-01
   8.7318262e-01
   8.7451013e-01
   8.7582547e-01
   8.7712872e-01
   8.7841998e-01
   8.7969932e-01
   8.8096684e-01
   8.8222263e-01
   8.8346678e-01
   8.8469937e-01
   8.8592050e-01
   8.8713026e-01
   8.8832873e-01
   8.8951601e-01
   8.9069217e-01
   8.9185733e-01
   8.9301155e-01
   8.9415493e-01
   8.9528757e-01
   8.9640954e-01
   8.9752094e-01
   8.9862186e-01
   8.9971238e-01
   9.0079259e-01
   9.0186258e-01
   9.0292243e-01
   9.0397223e-01
   9.0501207e-01
   9.0604204e-01
   9.0706221e-01
   9.0807268e-01
   9.0907353e-01
   9.1006484e-01
   9.1104670e-01
   9.1201919e-01
   9.1298239e-01
   9.1393638e-01
   9.1488126e-01
   9.1581709e-01
   9.1674396e-01
   9.1766195e-01
   9.1857114e-01
   9.1947161e-01
   9.2036343e-01
   9.2124670e-01
   9.2212147e-01
   9.2298783e-01
   9.2384586e-01
   9.2469564e-01
   9.2553723e-01
   9.2637071e-01
   9.2719616e-01
   9.2801366e-01
   9.2882326e-01
   9.2962505e-01
   9.3041910e-01
   9.3120548e-01
   9.3198426e-01
   9.3275551e-01
   9.3351930e-01
   9.3427570e-01
   9.3502477e-01
   9.3576659e-01
   9.3650122e-01
   9.3722874e-01
   9.3794919e-01
   9.3866266e-01
   9.3936920e-01
   9.4006888e-01
   9.4076177e-01
   9.4144792e-01
   9.4212740e-01
   9.4280027e-01
   9.4346659e-01
   9.4412643e-01
   9.4477984e-01
   9.4542688e-01
   9.4606762e-01
   9.4670211e-01
   9.4733041e-01
   9.4795257e-01
   9.4856866e-01
   9.4917873e-01
   9.4978283e-01
   9.5038103e-01
   9.5097337e-01
   9.5155991e-01
   9.5214071e-01
   9.5271581e-01
   9.5328528e-01
   9.5384916e-01
   9.5440750e-01
   9.5496036e-01
   9.5550778e-01
   9.5604982e-01
   9.5658652e-01
   9.5711794e-01
   9.5764413e-01
   9.5816512e-01
   9.5868098e-01
   9.5919174e-01
   9.5969746e-01
   9.6019817e-01
   9.6069393e-01
   9.6118479e-01
   9.6167077e-01
   9.6215194e-01
   9.6262834e-01
   9.6310000e-01
   9.6356697e-01
   9.6402929e-01
   9.6448701e-01
   9.6494017e-01
   9.6538881e-01
   9.6583297e-01
   9.6627269e-01
   9.6670801e-01
   9.6713896e-01
   9.6756560e-01
   9.6798796e-01
   9.6840607e-01
   9.6881998e-01
   9.6922973e-01
   9.6963534e-01
   9.7003686e-01
   9.7043432e-01
   9.7082776e-01
   9.7121722e-01
   9.7160273e-01
   9.7198432e-01
   9.7236204e-01
   9.7273591e-01
   9.7310597e-01
   9.7347225e-01
   9.7383479e-01
   9.7419362e-01
   9.7454876e-01
   9.7490027e-01
   9.7524816e-01
   9.7559246e-01
   9.7593322e-01
   9.7627045e-01
   9.7660419e-01
   9.7693448e-01
   9.7726133e-01
   9.7758479e-01
   9.7790488e-01
   9.7822162e-01
   9.7853505e-01
   9.7884520e-01
   9.7915209e-01
   9.7945576e-01
   9.7975622e-01
   9.8005352e-01
   9.8034766e-01
   9.8063869e-01
   9.8092662e-01
   9.8121149e-01
   9.8149332e-01
   9.8177214e-01
   9.8204796e-01
   9.8232082e-01
   9.8259075e-01
   9.8285776e-01
   9.8312188e-01
   9.8338313e-01
   9.8364154e-01
   9.8389713e-01
   9.8414993e-01
   9.8439996e-01
   9.8464724e-01
   9.8489180e-01
   9.8513365e-01
   9.8537282e-01
   9.8560933e-01
   9.8584320e-01
   9.8607446e-01
   9.8630313e-01
   9.8652922e-01
   9.8675276e-01
   9.8697377e-01
   9.8719227e-01
   9.8740828e-01
   9.8762182e-01
   9.8783291e-01
   9.8804157e-01
   9.8824782e-01
   9.8845168e-01
   9.8865316e-01
   9.8885230e-01
   9.8904909e-01
   9.8924357e-01
   9.8943576e-01
   9.8962566e-01
   9.8981331e-01
   9.8999871e-01
   9.9018188e-01
   9.9036285e-01
   9.9054162e-01
   9.9071823e-01
   9.9089267e-01
   9.9106498e-01
   9.9123516e-01
   9.9140324e-01
   9.9156922e-01
   9.9173313e-01
   9.9189499e-01
   9.9205480e-01
   9.9221258e-01
   9.9236836e-01
   9.9252214e-01
   9.9267393e-01
   9.9282377e-01
   9.9297165e-01
   9.9311760e-01
   9.9326162e-01
   9.9340374e-01
   9.9354397e-01
   9.9368232e-01
   9.9381881e-01
   9.9395345e-01
   9.9408625e-01
   9.9421724e-01
   9.9434641e-01
   9.9447379e-01
   9.9459939e-01
   9.9472322e-01
   9.9484529e-01
   9.9496562e-01
   9.9508423e-01
   9.9520111e-01
   9.9531629e-01
   9.9542979e-01
   9.9554160e-01
   9.9565174e-01
   9.9576023e-01
   9.9586708e-01
   9.9597230e-01
   9.9607590e-01
   9.9617789e-01
   9.9627829e-01
   9.9637710e-01
   9.9647434e-01
   9.9657001e-01
   9.9666414e-01
   9.9675673e-01
   9.9684778e-01
   9.9693733e-01
   9.9702536e-01
   9.9711190e-01
   9.9719695e-01
   9.9728053e-01
   9.9736264e-01
   9.9744330e-01
   9.9752252e-01
   9.9760030e-01
   9.9767665e-01
   9.9775159e-01
   9.9782513e-01
   9.9789727e-01
   9.9796803e-01
   9.9803741e-01
   9.9810543e-01
   9.9817209e-01
   9.9823740e-01
   9.9830137e-01
   9.9836402e-01
   9.9842534e-01
   9.9848535e-01
   9.9854407e-01
   9.9860148e-01
   9.9865762e-01
   9.9871248e-01
   9.9876607e-01
   9.9881840e-01
   9.9886948e-01
   9.9891932e-01
   9.9896792e-01
   9.9901531e-01
   9.9906147e-01
   9.9910642e-01
   9.9915018e-01
   9.9919273e-01
   9.9923411e-01
   9.9927431e-01
   9.9931333e-01
   9.9935120e-01
   9.9938791e-01
   9.9942347e-01
   9.9945789e-01
   9.9949118e-01
   9.9952335e-01
   9.9955440e-01
   9.9958434e-01
   9.9961317e-01
   9.9964091e-01
   9.9966756e-01
   9.9969313e-01
   9.9971763e-01
   9.9974105e-01
   9.9976341e-01
   9.9978472e-01
   9.9980498e-01
   9.9982420e-01
   9.9984239e-01
   9.9985955e-01
   9.9987568e-01
   9.9989080e-01
   9.9990491e-01
   9.9991802e-01
   9.9993014e-01
   9.9994126e-01
   9.9995140e-01
   9.9996056e-01
   9.9996875e-01
   9.9997597e-01
   9.9998223e-01
   9.9998754e-01
   9.9999190e-01
   9.9999532e-01
   9.9999780e-01
   9.9999936e-01
   9.9999998e-01
   9.9999969e-01
